The [min, max] values for:
	x-coordinates: [-2.0,2.0]
	y-coordinates: [-2.0,2.0]
	u            : [-0.0177769772708416,1.345229148864746]
	v            : [-0.5554192066192627,0.5559199452400208]
	p            : [-0.6513268351554871,1.0134841203689575]

